100 5
56422
24545
15795
52202
860
62306
38158
12021
62570
47971
54343
51097
44732
39233
11284
39115
54886
10224
6265
29218
16850
10223
62678
6551
37194
3806
21962
30097
47191
56765
60788
21869
44131
39394
60263
9362
16023
46404
41090
42656
1685
1349
64820
3696
769
63564
59735
47316
62955
54554
64925
61508
56101
13915
2433
51
5311
11916
37819
65025
39188
12019
17568
40467
53707
19938
19769
40085
28693
34390
6396
463
62187
28307
27480
1511
65072
19085
41434
34391
25658
40098
18942
26205
57001
9141
18431
3058
64987
19145
2747
63816
58319
24009
59150
15254
189
29889
64445
5937

